10817910
49186153
49533963
82926564
42081609
76935319
76834575
88018185
54319732
86692139
37786119
83892727
75188861
93372742
52972189
33047977
62950987
88237002
52885774
99745564
55628824
90943931
84867555
60301689
42561089
89225478
34412491
94177429
63817213
43897215
94844976
20879885
19430617
14433929
53767503
69416051
50011062
50494792
64716404
75918845
34013165
35879161
57312161
76144257
62821737
99779312
31180776
93874179
74110624
46318998
42687230
17104117
47367408
17532671
15739723
46828969
31918457
26685843
44938147
11843466
97392777
87006581
25174329
15850179
41900735
61821379
84367556
34091460
60755271
51357278
51242451
85359568
66520989
31931508
67497307
45982826
79195827
93788708
40747980
53203501
19813178
99598275
18797462
20215277
71917003
75143510
74949915
57566004
30365760
25502377
35664939
71997043
23626015
64262807
38914919
51131487
28522286
72927495
94284803
87817625
11748604
65887116
28127436
40018193
64670618
65332006
55515146
90290781
24632940
71075709
11915127
96076942
53297599
50374700
34849478
92903932
21339061
11591613
59077910
68618291
86296954
54580773
74197943
36701302
76730193
35790092
40759588
82330088
38293414
81638988
12601286
38978236
41364346
40287573
32042416
14135591
81287662
94214683
44976362
68144387
32320396
28251860
58671329
76000312
80218053
21774923
73597823
43683212
34622875
11374803
97131134
25131753
94729045
11693526
62421015
12760265
49830418
58983212
65891944
64234812
95400035
35049299
54597685
53329499
89727209
20287669
71972847
65510506
87695187
21915998
15912557
61901655
17705042
17131639
33197553
21747985
65735977
84047083
91307476
97997222
51946572
93111410
40232727
72124991
64927018
90458659
96847170
32066077
58301957
46234702
92289621
51880697
41165074
86331669
76308425
19948406
89737312
97473114
43824566
60097746
66587926
57752437
84134429
93172218
43544230
56005993
79965641
46824889
64759294
72548484
87270352
62985590
52995154
93306664
72311675
89601932
94534040
14898906
10909326
61179863
60403217
49865533
81234152
93814775
47976736
18419876
56305320
22218667
56035374
21593202
29768023
79007844
83327348
78229446
95443838
57881423
57255064
98762893
41974753
57936111
72982334
63310166
90590122
25043366
96619857
31816189
13419352
58639201
76761119
53482848
12154218
98657000
45279170
47637031
36635475
19077881
38782201
83122817
56999285
30758490
72986725
22436137
48149542
17090457
89663983
19889897
83151725
71138066
40039337
16041982
56087210
63258866
33971280
21493518
54855326
92797117
95239900
12074836
95984269
19416148
53492820
91900942
96260168
70599227
45795130
40413974
70942295
84735108
47901851
59838520
28600978
71405891
19769421
93656630
41773042
26252598
43258075
65236787
32296631
17658970
13185638
39495898
25868932
90458714
35911621
41544130
39792262
40648092
14899104
53894916
84658056
18378854
12094944
42626309
14776478
59145827
34423231
42530599
29782359
11635633
65982599
27946667
96628397
45488701
34649088
79075666
44093276
68864759
52967494
55530473
26595447
59737876
60627607
51405110
31686763
76568802
54175983
48564450
61139648
44986567
39456530
59049568
32787872
71952689
98439106
88667150
92320877
18316811
15286545
45897936
91344626
15981104
52999963
57917086
98654138
18336896
32551592
77857548
62541119
46601176
95188891
58913524
11647537
48171512
32698972
28377209
32514080
64342974
83525399
82881835
34630953
11663524
76547146
35427519
95823211
38305526
17779195
76002696
91541110
95062051
52895759
83910186
67890968
67314268
37082886
15820964
71616542
89855106
95946991
85402368
66736671
54091845
96300581
92073663
33825374
42173081
12001724
85122579
27388843
77213063
11084217
48759731
44408161
42914360
59821263
39082979
82517781
45772987
92324721
28388613
78800802
44483633
22324016
88962090
66639932
33155442
96188579
62586077
85681646
89124199
79749639
54349902
63289608
14756841
19054401
80981292
26336959
49042070
68214149
65120173
80384567
97181410
31146671
70549259
55385801
49333224
25231754
16750549
56135449
33513338
65386288
91998631
14334449
18130749
44194220
69488134
12272211
81919511
39721283
10250572
45467425
34907222
47230645
73737368
74305948
53165354
20143487
18384719
24969108
50577593
87065657
63237395
96173398
64320053
87963572
22931281
24739626
19889198
61989789
54535540
57316753
94900514
77985838
28318830
14182786
25013285
16408837
91614492
10886043
43260407
87260987
58532832
17090047
95076479
67207604
89666852
74935107
99313515
28965609
37508991
24387558
18104892
10934696
88327234
57726636
49623899
23981244
67076788
41898483
61724545
17871730
36322253
51608365
41500779
40028830
63825414
31520075
44461223
87791317
26042335
49877879
94232621
61667258
45333186
81582130
68243267
67000550
99806258
72591264
98033097
21973520
42610859
61153737
80611671
45488486
93684018
59528838
78711523
83714385
57456215
88163061
45177073
54193785
43027853
32067556
10022463
39621230
16822786
64934581
28802223
62436541
78758357
44466452
98777161
30295520
93167846
86558590
69009150
72586698
94918500
16788337
38168781
84654826
53061817
73298964
64448889
73771323
41872846
45315745
37549353
59306865
67104135
72024148
82509209
24884500
37869176
96334806
80637489
24266527
87671146
54041539
52201925
23033722
50397976
33438935
59521106
90372610
73689424
76410411
27304329
37144453
33194301
91005173
54405103
12500898
60827519
71056728
21418771
41684834
85181735
41014360
87154611
27319791
48165564
61006664
64314861
71219308
89695876
40131171
51577871
36947289
21815106
14703768
92901096
36378475
43953832
85542652
81186819
86830450
97615336
18534625
74424195
82542231
69369603
33313956
30364366
96124119
53506241
76719736
62007175
34012039
77438655
32750253
94045339
42090834
74181717
51644359
70320184
78779141
40976969
56077765
47163165
60773784
50955648
82823790
29602467
97478868
27399966
78567454
52364645
37369328
30075198
80945400
57683943
53547506
27843938
74230053
19075911
79126300
85745314
18424723
91797758
43507512
77873774
75515622
42860329
12060428
38950494
47907680
31457716
67213592
96690696
67699303
22151650
69672249
18594016
71019891
68824475
68446255
74578510
25354450
62716716
40683471
37754241
32841196
57374218
10375357
99589338
52258371
14277140
16444896
93783084
74033394
39040292
59423130
61789756
92724875
73368476
86879903
99822606
17063281
19805175
31836006
14244582
75120257
26228779
14729380
99250931
35459256
60832654
28466881
18687353
40658029
74673812
25912682
95484879
21996069
97555849
26747787
49431322
59252163
33158454
35030908
57882413
69471049
10863329
97929234
29787158
31282713
52766932
25721599
37057097
29244200
38357815
40743025
48218740
70735502
34333661
18941876
73065654
14994495
12239891
17293178
72162867
62508956
46305121
88665112
36971656
39988130
87496537
95706162
93825494
66994588
13251560
51649800
16311107
31177182
66963983
36016026
55114653
93795691
17337254
50964902
90710866
67394366
85389271
56622023
76568329
68041675
43275486
70719112
33045118
14137463
87032957
92866526
27936312
38740474
73306350
17578447
41577065
89112682
85929186
72552688
15091581
20817518
94358968
69861966
93623508
17136196
42963553
95135375
55370386
42618820
56011624
32740775
17050362
29160313
51950096
15570753
16526262
62676324
55217351
60997917
40803106
21974700
82078124
83815148
30927844
69649120
26059424
73667597
66524889
21068980
37258188
32540317
15414280
56085333
35964368
27422950
99515551
15909600
41168931
71518376
26468163
28962545
95369568
10935890
79604531
84584200
90011309
22889248
85324071
92167328
14372289
27470244
85195289
75134823
27928511
54186854
88613546
50950163
73192474
19888648
41096912
93074070
81393006
72981960
57178313
96504119
18347946
41576791
49502320
21867160
20060823
95937271
62728407
56515339
49801297
60359548
39580300
95692442
89109560
68556570
32260043
47675068
54323850
42018941
10426357
48902443
45995116
93056904
27666808
70360362
32625886
78688544
44846199
85300953
26714817
79403227
79254857
95924635
71523095
68060194
74483315
18757117
50121297
67440628
79259863
43406403
45865971
95543356
56629936
49533741
44726306
34875610
49204000
38211458
25809216
86320753
83592892
28671250
22542078
33766918
11330205
16999788
74726671
35396205
16165244
84465096
80287217
65523344
98602039
43823451
56289653
96810560
77988935
85217740
69506493
53072970
91671055
37456167
67594545
36986127
33956993
26005764
89171227
77537924
77953039
23379925
50050347
31434187
58154234
82470325
30931645
20136131
56410492
84796019
32791479
34365718
92127209
12301616
66947059
79470741
51311244
39774745
72602191
97609742
17175036
40014805
40894380
34019498
26591963
18295850
76118392
35726681
82289599
66620941
99957215
63224929
64366264
53740755
66315547
96872625
22876402
57313772
18855309
34544789
79991073
78881648
69660005
62175649
53093499
38882118
11778233
21637493
79597690
81278308
68997324
77476324
44886334
55385080
29080870
52307447
51385386
99990395
44638162
12994700
12709750
12964256
43734912
26657245
14042644
99176265
92393786
51169162
98042169
36057396
70589853
56310007
77363250
72948814
28498084
31261881
43510753
49269410
17849203
19933326
75616073
53500182
74774571
48528586
45144528
73935032
50036744
21457875
84606896
74452772
56733862
48315236
18237406
80616010
74608453
87959717
60732621
15221432
78191428
49578892
80216472
61263145
33956832
60160407
71649930
72258547
32247654
16087053
18110416
28448555
84364445
88272571
65206370
71183491
99646086
96074663
98499847
20054276
84368158
10008044
21237103
87315388
70953333
45363580
75210826
34742439
24996696
35566405
47457109
48473558
84873532
62070612
52525678
48244719
64771979
23724040
50316139
64098898
22669400
79509697
97265184
26157574
74053188
59867469
65100558
14633827
44144217
63913287
83400126
42354870
65916668
80899286
40299848
40454431
52877704
80506704
19567781
95703794
89247315
26681298
34864016
67720283
35146599
28659290
74197786
68544918
86714880
97221157
76244282
28661565
49140828
11799653
78693875
93419840
66973928
63601985
66166070
60223246
55569613
21093996
35867038
64935066
13965732
34692007
70339087
36051291
15907751
74516074
67815094
39527980
94492007
71287081
46814851
96872398
12433536
20066012
66830931
63951091
57715673
18063864
28527433
43177003
50619783
49608017
94852055
71470634
43899733
88156287
10876800
21121672
58980403
60184802
14707474
87091406
98382370
41978070
36173934
78051008
14156549
84375357
94755400
75810310
57880840
24590823
84155831
64794094
84712112
53141273
81455028
90576871
61644640
63099957
51616116
82376246
44050986
19022293
14654565
68548664
35196423
55877619
55299190
67313704
39646412
99550166
70396609
26415039
20653607
74667857
55950793
44269598
64891110
83411908
99216971
40261075
77867548
79032024
93683281
86434966
76475894
38732288
17370078
10532069
38050837
68452422
39739146
24147283
28499210
76965737
29175701
19719501
14163594
51218883
39296599
13556082
61380965
72324123
66529238
72721184
86521212
66624970
92947209
58400103
52186619
81666146
66807841
96331846
56987399
16561118
11319868
54025590
49516560
60282849
41944811
82514837
14591872
44604205
75113011
68279563
83128961
20169180
35120642
52910874
28809741
24055766
40542158
44979598
89690847
91815966
33959566
23728981
94409468
70114632
71281398
93260140
27987671
85474609
24164803
29162502
53475725
36080276
26757452
90632166
58663281
69447170
56005528
16137387
98034461
31700487
23959491
40031233
84158411
90334446
29900609
71120503
94676353
67450118
37254295
51539037
16061519
72775479
92430958
99670144
67007011
92129715
31559576
31869641
94458044
98297708
16684984
61288851
13310798
29493550
23772439
76729563
12329799
85943834
31936302
94317928
40956087
70766818
78340328
30875624
79054001
70128037
66538010
94249872
73618537
88082091
18801798
30285259
87394790
61930305
93525765
99095611
15594569
16325658
82767682
13990678
31573571
98226360
60073731
41180620
93169048
43782644
46518331
89669023
84050764
70112388
18310153
51563371
41955577
71184001
76527915
41618314
18672289
55347016
84114982
71457149
93936922
10356974
24465107
70304205
64044065
18795889
98849960
64732838
43277448
59908127
93398990
40369726
49948888
70350337
73993434
38458390
37340041
66765649
95479049
92390758
57420102
34679983
91717646
11616556
94551137
89193819
88417555
94067701
25702651
80623441
68379568
76613805
60206567
40765267
83720648
37398532
26443311
13285085
70339532
11891449
73226552
32912392
94214458
86957323
40463843
13475291
23182225
65381772
60191871
72105956
42467475
95152869
18686716
70315184
71070818
56190355
33057739
11812425
13832791
25273503
24780505
37127928
10160327
42331180
89987908
28492083
11982029
30945404
51568540
36945347
14944181
71746084
64256029
20787368
86537791
12778555
42521778
54094926
31830425
16702298
78675898
42733814
98764468
82062837
37901047
67767770
72339437
65056193
58545239
14989404
49063210
30985233
61883753
12884071
62355383
44296837
37145153
93333418
14511488
47152145
78828535
93860599
48864848
18827476
14915361
53531369
59272602
36427497
17505247
41286398
18422802
89836353
44064140
88755553
58568182
26362267
49720574
26905037
49472779
13891848
84583825
89414713
37985979
14091116
87038203
77624046
56574965
64293691
53591306
78884717
11837777
75319949
23469791
55090975
55676374
61794741
35137772
42704332
79998296
14384541
12365922
97656241
34669124
28995143
80673183
81272485
46317411
85939187
98006700
61629281
30885384
58242655
61165679
42432926
65930672
70867222
14917214
54856062
61754594
80830127
51902826
42917473
64253502
49550527
43673424
31112111
89408997
35931181
34067677
28367835
25441746
31620938
20666716
49500770
83422912
18205375
33272390
97387034
98058594
93769845
15641725
31228882
64148868
82608818
11274406
21823180
99378408
60640241
10349685
34148053
14290488
25644044
92728956
67729253
62118746
42765141
49168391
97559035
49779417
59307771
61575955
31431937
51767774
18350164
51257960
85497993
32394050
78296128
15695887
73679391
39948186
67349448
64663601
13047230
31986856
11245353
48711706
75976788
34425527
67727894
24007385
20865603
31698759
32165745
82407123
85750171
50942218
40037793
16479649
89669603
19360863
28535042
57851608
33666406
36224552
48847516
78509435
22769558
54408320
76826140
23766992
20874128
98279949
66093150
47079530
96372988
11176601
72264999
32784868
23995059
56529707
44538978
90300675
28660107
96748310
95518871
11735781
39828391
34817873
73674991
58266360
83377192
91643362
42813398
87070234
44651743
39112829
82523044
99453778
10569364
48818633
15968521
22130528
90150924
97838678
98014548
28780969
38489515
66417784
39355411
30221665
71249035
17466548
56333787
38992068
24696347
19798778
55806221
38784882
84046633
13936047
42439619
79715687
37558120
34988355
43169892
70973953
19916404
45315978
63709107
54082176
48057189
89133728
56106086
65728142
58082377
45443051
70239291
45102219
36465329
48409918
29310463
81284692
90934223
13427838
91832773
54354285
74973363
90878278
72568200
63980345
88515888
65469865
11849014
91462334
52331451
37281841
77591362
26152744
43409707
66824481
37511714
20224470
38070441
38076738
20155910
37223063
45946312
45212469
61536629
37531273
31341027
80598045
35298911
58509904
11319095
58826377
41509762
60230928
78882171
98666534
87015290
89849396
68556476
19515426
69258054
63674091
83318812
38213861
46343892
80991761
67251915
43051551
20770681
79989567
30174783
52297594
69346502
60578675
23939164
73801450
43108067
34598240
90015557
23497840
62778749
60668723
78035325
30640355
37961520
27248101
61594995
30768865
13151456
98579713
52734997
45103528
73450107
18075353
36019921
36796696
14573373
35901718
15056205
84473645
13324130
31474181
66060364
16319653
95302927
27977789
59651212
37194785
41163917
23924492
90584523
91938636
15473769
94463147
71020790
27785856
35850556
65248969
26699186
53129620
69498893
17415165
24948134
33705464
62556439
10904932
70163580
54462234
26840662
74830994
58268541
10163145
96782020
10159578
14967508
20753803
27977949
12253739
64926438
74206773
95605949
60484505
15092044
15251876
57588677
78894857
90598809
25541341
92858617
43313870
72297722
28557806
74176089
69216406
98441744
51463067
59023277
74084457
87634612
85588562
79172313
95930991
96512218
58060036
24025243
54087580
79894728
61722016
19369325
79694422
37928360
68711585
47375838
19362364
60974755
92525320
91399626
45922316
56102663
46183781
22928988
67574301
89015016
12051615
94399016
83167203
30730786
83413354
90462251
82244097
43590774
53853467
33089102
93243512
70523886
61589095
11221213
86001193
76280615
73201684
26239069
56768213
52185239
52096858
40130661
24661132
97117111
24977856
33904940
23353117
73979805
81191949
89399030
59211467
65646372
75382443
44821044
87822851
93544434
99851160
52732236
85326088
60991561
64227761
71508430
81154108
72428342
99031682
15853690
22743443
17392205
37269854
26023504
65436123
71706889
47990386
74132384
84762988
41351693
54277534
24444914
16967863
60260929
74124943
10945222
85717551
69396864
57653271
66813841
59422766
59680971
83881649
19719593
64305225
16297529
14034479
68387423
48074930
49091792
15508969
58691717
60101353
64117332
84501791
15509739
94976148
29711082
49748804
36678631
24331784
20087741
68012215
32626438
44589582
34460840
62397869
96370364
60034640
93926399
42340950
36397458
96225143
46121761
58662576
75900155
99199735
89561588
35980513
34683742
37773855
20728949
47664686
38736120
47814176
43987245
98599400
63083498
48907905
44074181
98473137
69011303
20771017
28092798
67476079
35107764
99358750
92453921
22136697
83867467
99967795
99604896
80635353
38153738
86287162
15642561
18833515
44043463
60875437
87865679
90357167
85593288
68409811
45105624
12104063
68477303
79423891
53544172
48042633
50919154
78605408
89032882
94761415
18310057
38747742
14324921
97750025
30012273
55964903
76975005
28736647
25029538
63996536
33425423
93712626
60798622
48112623
47495566
40762579
93774304
42648694
86426861
57347308
32264676
22217038
41094582
54681371
38783820
11511943
80866552
10734156
16289299
10600264
32793157
59883976
29003184
83404403
59852095
73192359
89444649
79308300
45859251
30226546
74669524
44502991
87267330
23905954
56710779
65082850
54751941
29932572
23486900
36764933
72223735
70509280
97041364
93959532
36540375
75065121
14260038
53099152
43484402
99058780
18110725
80338876
91717144
64351745
66827369
33499044
79573776
67789933
45103247
33962085
79933038
90467255
88348989
15770870
64522107
94547464
79051607
87427912
79637111
48829087
17400744
29809919
74307245
11523450
77193985
34012138
51692097
20984636
47996147
25123936
80168388
54630568
86127824
48722549
61398476
27685373
46315520
50064438
38119480
59651866
37601506
57880555
64206076
78963133
90251381
81746529
29555013
60971179
12384532
51457562
74256418
98308419
11011156
34173077
68722926
46506346
17571860
23078452
91757388
69919988
10249535
24051107
53735119
37957922
20456204
65223097
47131250
46271505
30822474
74705336
51079465
90062971
22341052
60192218
80565495
95872595
81234500
70215238
70978953
86111528
16427009
69959199
62631766
15840604
65855657
76590870
39883775
98020566
86575379
91578857
16683235
57074793
13320530
83898262
88873542
47947049
89011192
77585156
82979386
27306288
99709991
63338432
82048726
38901868
14914879
79781963
60041615
36888447
29945853
55067267
51419266
23374009
45003851
42672167
91816356
12616387
94252494
79070081
73114293
55491451
85343102
10005720
87266355
21567989
98757982
11833711
54928813
83936061
11502321
31770646
65143310
46251719
95155435
89314421
61574376
84804064
25902729
18519504
77494351
14663271
48562761
16039650
59304352
13816342
88046579
26667599
61357622
63289781
82814174
79463004
27486604
75329448
46374878
89869121
55942543
40117372
27823906
37147099
86406794
79020610
83511337
58585934
59935401
31852121
91757041
92006034
16825921
75864244
33812419
52975517
56621336
99240202
76695415
82342605
80876059
51511937
71445957
89375966
80779378
35104182
68356854
28451809
44009173
10733024
57238650
20103465
75560228
69011740
31035834
88523241
18437257
21884203
56482448
77673856
85794833
20823282
78295190
42542314
76034484
34925348
44984507
15479549
64142346
42504912
43596860
51299502
44556302
60750986
17463513
23587371
21457057
61111736
35224349
29901016
10946945
84625647
80612432
66076920
29419191
89100286
22708991
52801249
79464483
48053007
28813222
65757193
41056841
40885503
65592562
43032141
63873405
30523294
55755688
76292726
50705674
62997587
33006038
21915528
44529539
14866968
98569050
94432698
11170784
79405907
36412729
14368658
42408639
89377509
24508255
29956587
29008949
45332247
20630889
34472975
33268007
21751059
95947525
11071949
44943696
86265333
82571029
67005361
95766066
47409730
97291185
78308111
36859288
78130229
38908233
21419597
93908510
77379239
98328000
35910930
56454252
33347269
66560645
73113147
57960719
53330911
57492832
83542187
25118568
97890183
37572059
27728514
29932995
88512074
60685450
48363947
87082697
93977514
34579314
43618627
20418257
64852742
80246028
59294112
96097232
36540882
94749215
60572009
52869369
15401252
61398388
20132773
39639346
10071228
11506415
64632782
47367092
33248809
37642766
85276115
80414635
67621559
63723932
45488854
63229076
83602967
37551592
17418457
54703988
33168243
20408313
89449317
33462905
26876097
43120481
66856532
64615619
58910226
67650597
60359672
61951586
20044227
80436244
38703806
17344823
86221176
74150849
83975785
25638811
12291884
22629194
38115674
30132681
27393686
24826578
62322463
94660801
31440787
37689900
90390465
15582181
87816837
59386924
23826490
95951176
31878424
21650645
62521005
61255515
33815833
73726649
57222832
85009747
85483764
42773028
37129903
52210439
28355278
68726249
62059446
85583784
88562977
57645709
11135205
99665168
62224720
62473584
30395402
67670733
84310937
15977324
26392343
51210947
39945204
86893400
57251910
66493200
68106126
82329934
60343471
58498385
24618181
84538894
47624963
40029064
99874496
17817384
29455531
55844827
49598327
36537815
14507414
81362398
39719046
15041241
50350118
28416381
98525608
85189158
16736475
42447573
23595528
63351940
29638790
20458241
87731532
49638597
11235932
88551324
58973566
36795021
19929450
53201603
41831919
92995663
41588716
79971586
25097316
13111085
31311765
24137141
87096266
50314851
81727766
76303646
37481056
71042961
75209674
71275441
36054564
19060148
41040298
21877524
41652268
27514427
46155642
98164817
26341671
35734716
61426773
67398822
45532501
50466273
31218986
62163459
58824256
76060678
58233205
96221430
18616338
14571611
96014611
34726750
76046705
67279295
26903795
38414709
10395563
76524643
81735412
60784782
12357261
88909769
46529731
49105678
43580970
66559787
16827104
54035584
86660888
88441736
21692548
42278140
89623801
17095155
53716386
93742277
61133959
61678723
73745036
22338022
53618019
44784855
86718512
34627500
48473365
26155924
53530466
91752603
15211142
78116612
96226073
79546400
71939646
37306507
17364228
65838753
19303084
69151504
25076740
26309852
28885335
13098087
11157501
81762843
75826046
84290905
43502709
60161769
23575006
22849227
48850542
19864854
25189603
75162473
67671293
18044757
34547531
61849960
62268021
69691711
75313591
17410664
16542794
56570585
29140392
70747620
71455848
14329814
17704543
59959327
69410684
55528077
25376918
76277859
79445410
60197228
31385823
80154173
79369211
13852264
24927860
44632695
81201456
62598766
80057656
85224989
20004302
67310046
45912088
53405210
71445745
35591830
14083902
64837305
12085584
76881044
79481205
67935256
49519603
31522366
98399416
58837380
79275760
85822302
31543569
53518337
51301916
88954717
86947199
36420783
68518703
27982814
20559267
74639525
62777474
47602949
88263872
17040490
84444504
73243664
27937825
17266090
11302661
13333096
80442397
75405205
87949187
70464314
74823694
90275785
14657832
80785757
59564601
32171358
20567015
86625332
48279650
20913074
42454812
53650437
49955096
20561906
12414703
31148697
44461618
51783706
78882530
80794195
79122419
52058729
67773546
69698998
22605912
33245379
40039164
52713430
20697061
61370811
20527278
28199435
70758235
84080268
99782557
65319117
51429383
21040437
85821672
43673350
45448405
10708553
18303621
73433902
17229947
47307735
31196719
80738974
56573132
59336095
67093300
35029217
66270991
85618827
46606799
30386254
96423145
42097482
14347192
58168198
84731705
58501639
38700302
99047115
47176683
15836474
50755815
97110731
94918034
58832339
91636211
47996788
88849055
16969134
38499809
36557736
52475607
18552384
85990584
17221483
40112974
65640848
56234621
68528372
42079661
66102969
27145060
25514488
92791015
20778798
42872177
17433634
29674776
64735347
36562074
99029431
88556054
74046843
21282973
78973863
24021571
37869703
97800203
71984768
70371060
71126587
53296153
71501521
69076159
68776991
30210396
47351301
18104270
31760480
34337154
88609436
47967422
86447190
25395724
37200549
19232406
20078481
87852125
54376730
76140134
48441050
90998869
62141625
98954058
38574590
38168390
42565424
72583782
95346520
14817739
64079115
24729718
13927907
95536171
11513470
73677174
56847112
13308408
52666331
95490643
35501767
73354294
48496814
87878082
49598220
49565295
79732147
10208946
83362625
74191521
54157402
65147257
25772822
53336518
19032543
40931747
77149525
21503407
35623093
13387709
47715176
18655464
53555686
51944931
81841772
71031171
40716884
71338002
62857544
83766898
24293252
15561215
90280230
69766192
96350065
32311909
56600751
83938009
66773218
74400736
29720318
57482653
82386713
31139813
74978978
51211013
48694235
58021588
34946946
11328571
66355702
16356898
32325418
55055440
30521361
28974796
18231021
84757169
75832509
99964689
90455035
93673661
82996195
77735592
44872117
10025841
27704341
96453273
50009784
70896643
77561948
97926736
56914763
22903902
98720618
46299295
29294253
65140829
93065438
56911946
66577414
56177135
88939631
97922147
10542293
23544199
42473761
11165148
51063747
89325353
61550473
93662073
82242166
70964279
61836269
34074275
59584968
90117497
49325032
85579685
99602990
39178098
80328203
51571339
98388448
44697706
36005375
16592183
27994594
86907604
38364066
43387073
24074638
19736407
47110262
91182894
17441807
11213027
35987019
19132904
83216505
12775203
83942160
84374491
38948436
52350374
46693946
71960207
68701139
60867007
71203107
95735152
63469448
45313882
50953247
47524154
34626050
63412103
63482551
29155972
99678693
68890172
16191045
34511143
32102631
68210877
88063725
71704171
93817953
74090094
99913208
97045844
78041488
90923666
50455499
28467905
48279987
88488099
36619977
51823556
72644568
45907574
25146007
25771375
42994574
12540589
90267595
62489831
97811716
29544546
66367778
55723387
68387440
78644088
23912882
52254549
29349128
15090455
20435534
92593691
88208844
62570094
86848472
19112311
34032770
12782800
85535435
96765472
23145005
38589997
29384700
48171260
22609657
96821331
53781190
45045270
23545277
77084435
74009393
96620942
55701684
21841299
46066901
18368210
15791187
92330444
79791328
34407164
42575242
99328058
55731296
34036368
39976046
23771600
79290597
93546249
31063277
38313332
69473698
89849985
99695994
75071486
83543989
73364210
44001539
37620723
89826766
30372387
50886207
20145868
13000211
39012196
21222987
89624222
38886886
26262475
15712718
99544696
17176512
72751236
96719439
35435834
53345106
37384943
19842475
43267188
27159799
68618893
86419247
70285428
40654577
23619777
11200433
45820420
74045945
61813186
91046721
92640914
49092727
30800618
65029289
54460263
87344472
40619937
81091926
38370413
85086014
28372938
79940230
30321932
69069016
88406556
88128667
97908366
43672905
67678915
43757777
32576800
34899584
18840630
15103094
22820312
96822382
73052522
63753529
16616675
86811227
64251259
90692754
90633150
99387325
16100353
59559804
91131383
84029491
97894536
83742729
67155284
73601225
65147649
26251337
17937499
94044549
51688014
60711028
78106512
30193050
35294260
13363511
34418705
66926987
28708100
49597476
65959879
50554787
45354127
85430799
20512689
37918716
99877528
44119289
29506705
68640536
56401903
24290742
11129512
75716464
58598841
15294967
51130668
36599223
17403742
52641388
97881314
51136926
80803548
40178278
20744363
90340129
45664462
33589405
88691517
28015213
39195018
80296857
70916875
17878665
91431063
57848251
78160864
75868710
88338458
52644151
26513107
48378303
65823654
68417256
47125241
48179627
23209260
91077532
29557085
25344349
94256911
11173257
36278055
52803434
40956753
99165922
81074822
11418642
35114239
45941259
63610655
49616744
97544272
92255399
66483274
62939942
83950876
77872873
58566014
11736098
37854206
42131641
45787249
73975044
77472179
41572841
91940641
36061389
60532951
37658907
47252948
49270754
14624748
85393250
41946054
84824102
21492689
74486915
64991443
58629527
60488523
23085706
43545623
53617471
12689951
36480827
74844638
63660296
22218212
13923034
78917683
11488728
96877829
21803551
78859398
87395625
22357035
45455877
82531370
31444937
97978041
40372659
15739778
23559115
60982010
76991942
59403593
12882398
78170579
46032298
59734408
16250628
88371672
71299481
11695839
90715594
83348522
62455839
81167785
90073661
27858431
96151084
54634152
97480230
93422675
97452343
91983724
68289787
47540721
56677333
45221837
17609154
23250752
27065390
97085582
99994419
45538342
98939231
85565286
97997468
50912275
74555741
58070087
27437864
36993086
53210013
89827027
95631859
23942011
29487310
20463813
10385864
70174849
58821348
55954432
42686407
55724520
51977297
60119871
90363338
90538661
27948879
92845712
84636655
95983297
90837971
98165561
79416842
58336409
12981831
62302245
48253215
93149936
38960814
28369708
15791823
82781167
48413275
20626858
41978928
92818471
17795557
19546124
21734844
30824722
69730283
69042771
13540886
65143514
18803250
62954532
35622794
92231120
43561718
70377779
17981797
29530564
43641023
82279715
42003137
34291614
52755038
98417970
74430602
84841653
94783747
96318010
42174368
48654901
53412439
29743930
20751198
20965250
15866388
74913321
66212692
88842350
66554592
48786037
12261957
50713061
34555262
26000869
36779817
98178544
95395012
14340022
95649060
72910106
66275159
64262990
15761495
63272224
62869465
22928917
22233324
62398688
37390644
19750422
40855995
12548219
75445838
11437781
98574275
85685855
33851003
62650645
19918994
71566036
41846552
92870045
87946459
73359719
22120696
40327255
23168062
43496924
27196310
98267653
71021420
24514685
66310279
50754722
99677706
22884477
16835787
88595947
77440743
27717473
40888505
64152337
46896470
77858842
49752938
11972583
86318158
43828025
36341699
24509379
99470388
49388333
67941391
22439056
37821211
56647898
73681240
41318163
75643184
38636300
39127248
36885364
50471465
59431286
56406288
16846597
28956468
17465484
49354965
17160936
61997743
62632094
21159806
26613411
38438192
52318921
17145099
53054571
74466436
62388924
21129923
41938676
92223054
45778585
55951361
92905352
40519959
10443211
81993511
78796536
39368532
36075834
10421474
32581830
75208050
80950888
89691366
85231288
19740806
20540084
33662924
37523158
60429125
62606643
95241144
19208436
10246981
56471097
17625440
58370009
66369344
46383110
62476547
59176762
12510592
71849645
56387027
31249754
74939676
45529430
13361784
76771954
99932660
68015753
60977698
13918420
73525004
46246264
82637538
43601395
54607504
53521932
71715566
10563095
45544935
85515614
65776635
60785526
41374062
77391975
70241446
41447956
34874852
58497779
26601467
39767678
74938210
55862575
87766397
91743932
10030130
24822690
61362340
94069216
43480807
23325087
34462976
96765262
53062300
48975607
68531834
66859002
29095735
59181659
93439636
44588926
13903627
93737283
68056150
32082963
49153588
71071532
86292882
11323153
33095978
44315488
64842016
52984670
32373998
53107696
35464090
61737549
16068866
57264041
96736699
70068556
28335264
17350124
84786930
41401283
48839045
23626289
93390994
68919024
70578850
98617313
28816382
46240714
75039237
66215716
13510411
22272668
73937442
32113558
25708259
70476773
90588494
62701774
97577382
63581065
40804544
20603538
41110255
86786294
16791128
87641177
98580464
57199023
98490614
43986874
45735455
83289353
63402406
26221663
28662010
63676849
51203712
95679949
57719103
99074546
78086284
39601532
43723656
96804057
66285399
18709241
51237813
18101609
26777722
22995814
24014465
43639862
73697195
15106838
78295160
83907360
66516297
17223036
85064532
59972162
16856113
38161179
20983155
23159592
72435328
79501467
18912680
55438119
66061057
18732395
57174755
45955465
81483244
29000189
86071130
56975529
19171598
96344107
96858135
44695441
51537602
56308138
49262776
52604048
46046235
39912628
62844095
41075763
80648652
12070739
29666352
49722500
99209510
86713387
89124584
97935110
70274875
88429034
67667454
11200128
59599869
75441896
90550779
52545679
71634937
61844049
62638165
15981372
56640695
29123836
76365750
51708880
79985228
40461315
25289184
30984698
78065907
43605985
27563278
70820445
23499196
57729299
93049209
68834275
83173467
87370658
63589057
57536780
15123288
77642699
60313069
86641080
39802088
79264187
10553165
24700394
87139921
42830564
97541911
35625997
31257634
72178644
10973268
54986428
64351010
87975656
25178244
41818504
72583304
19465424
45319053
93620119
62504217
14491884
56591290
41471251
28336035
16585574
77109338
70352755
98668019
48664516
37277645
85160453
87795630
65585489
62501256
32221023
67582483
10023584
97765237
47430827
70994833
16307995
75386195
60486223
62653865
57055493
19433005
56246754
44812968
24992224
75524341
58806746
62968845
73983572
51936332
62250071
20463191
92885043
11963536
86382872
33178009
30588971
55998566
80527277
91448615
85828792
48134589
77393851
41027776
80723620
94658548
87591096
89946439
69465809
73209773
56217445
76490477
50508524
49701766
52208563
69746619
46559638
19775449
69609467
53806925
19501095
19080336
22085706
80780453
28423527
82676796
67773347
36950505
90721000
36857566
91246529
55884440
99720350
40062761
80238043
73080280
11473175
53937344
66046539
91606015
69778406
23517518
58608662
94618900
14349109
65878937
90461973
55414928
22342527
81482614
79927052
84870852
55700010
84857072
97071853
38698535
39201509
54486364
31686337
98028448
85478017
17538696
48358778
58572687
76012916
80844431
84445591
28584933
23102814
57661150
24072726
18010617
98725327
73708557
12951264
12351646
29542606
14520219
14667615
72281423
11734228
74879669
51987323
66729345
81004925
34139356
35792396
48056945
65201768
76679166
61303534
30540082
70300953
89670682
41778314
64525422
66659197
41398562
68770120
24158393
73079069
79348092
90878513
40061374
35998787
76557168
63979875
43731049
96693246
10514863
92811110
65541448
40499326
84479324
69953389
63522772
50863509
43175442
54775049
44469035
19234963
15417883
32248394
22809136
64107923
49667468
41975013
44271342
95870393
99811962
76704821
31724207
87079350
30900723
98896243
30918542
24722358
15718499
81900084
90344196
73660157
14091806
89535489
74314671
59585537
92823319
10132301
25334424
57264847
83229494
91942656
27487838
50496911
24104738
51370903
94158689
73485792
96036162
81846063
97236643
80850056
51432365
43909364
26968169
62217368
69868155
77528675
85813270
28778205
97354427
75390929
16669851
68437625
80873579
49028328
55299832
27625736
42100690
34564859
36379949
30725618
50297409
90277755
90985690
38727159
30139055
13654749
61878358
88454213
80374889
15845156
89827225
33645084
36749697
69460198
29265344
37098152
90081577
92993121
77689848
14170402
54625434
69383527
59313205
50230771
43740063
24340683
11366215
82137875
10205881
45796430
27987977
11723708
92765700
31980609
47289001
86127428
57568333
34999424
37801163
24578600
87730892
62267665
40416966
74948424
36723443
31286896
65356702
26749656
64956711
37345154
76956305
36783119
27493218
19664893
69331080
22425798
45541720
79904551
26984485
23683694
97032356
94845562
29691592
72338448
80590786
31254309
93822444
92011069
29573647
52386768
31860770
38651067
39655629
31531219
30379334
54518846
65472027
88634264
56559297
88307517
56059664
38203154
89599524
85170987
33297896
64876346
20279704
70365480
42225179
57356751
64341386
10064239
96467552
58147134
22696486
72844527
10739993
53513470
31697552
89358586
36471717
19258303
86038470
86217472
45771851
72137020
88653018
55803383
32602981
93934475
75487922
26243882
68553533
10751941
53290679
21870263
87813411
93772779
53930175
16993990
81487367
44198620
94336774
83408267
96807719
36040682
21384497
41906854
73526632
85021107
43238391
22620787
55792246
48209566
83612289
14666863
99957797
82359228
62681378
63033149
45331742
78270525
59192987
57443835
96268453
26997881
33489802
59376116
71912523
48261129
59635562
50814984
31995043
92322956
86251392
84266513
58216846
14781644
68872748
74087998
43691081
32005193
24307213
57432393
54447910
25759860
46150373
97504336
29862519
56894565
68408446
34789863
34227718
51797832
85291349
60324129
89521128
10802003
59458539
99172270
92041536
69735824
50323476
18328321
49949541
38589596
32347610
68258681
41322743
31268836
46768121
43600675
54410420
75904419
16174443
31907836
78317104
93649530
89745676
15724072
53808714
94943888
59561446
46199021
40469584
59500498
59656534
57837877
34122411
49501502
11883069
77126875
80025287
32763429
91858263
57475154
77200525
13213676
62069433
75429177
21690916
99167929
58995162
26031269
64058239
11686834
63908433
64483564
20844430
65861462
33077302
26948640
40025051
18687840
83970874
53673326
89522456
34955870
14107721
64026726
13183026
52491307
13288160
13216582
37055046
41589764
15679690
82701649
93345381
95027558
39587999
74748268
34888822
57383531
72650759
41446927
35271250
32056842
74100682
53140178
54356967
54022029
10691434
43163913
75866044
75720114
57733859
57755012
13970034
11264702
62490546
48417502
79302489
88518253
64264911
79090339
17919123
82036863
80135131
10737503
15369721
45100157
10020810
90055353
72644341
73100842
34738781
32768985
35047855
40056991
45531698
87573481
17976523
48478104
13131860
45973325
99313101
23549763
95158541
96490922
17323044
88166823
12343001
54019338
25552040
60593011
61072045
62160033
85106656
20553546
28643668
55578097
25276721
18914105
99331079
34342210
26093941
81867960
17825215
18899453
59060833
76313205
38814067
63540951
87034971
64530536
35729647
95623909
38558311
52517542
70030527
94742620
85723156
20944636
65400559
21468988
90893700
35687111
96700466
99708316
95652010
30204372
29632136
94533291
59294663
58214535
82203435
38966681
50186555
42813155
97506277
87300647
50094514
38586328
79126330
79960770
71770757
94541046
33521287
66114901
93153753
26348683
71189694
94071491
70125131
21448508
59152921
93339581
18682901
67071587
67664768
87967493
14665317
79268930
60185387
37854829
32675209
38833761
62951325
47424984
38548379
49929515
13444964
67433576
63825362
94616485
26823823
52203587
89541512
83667076
34048944
18402440
54037751
94946871
48989355
24893689
78457660
99285754
83233022
69833165
94564129
69926241
60354478
37512817
96203399
47431603
13703430
95977042
56286302
26362907
55927153
61275407
10928122
70635847
55410401
41441582
25347770
83044116
80893031
91034794
97570708
68595885
14140874
82183416
21189588
21830983
97396000
47947267
10311999
72842118
86662607
37676752
32738692
81784384
38622785
22731288
19014486
96268646
65934945
31058675
42472801
22673765
84343989
70165815
57676747
79242790
12824845
20558209
30134218
13219879
90706700
57118462
73536409
40366871
21826728
83942779
30397122
79902422
69878493
37316989
51793001
70764874
60840565
36706659
37953382
90912092
58361566
12288809
38566090
89942195
36085697
43848729
56211744
59202805
63866721
10803913
91597048
62324907
24891758
58337033
56437457
55140632
94542873
62892860
80745650
10459414
69646945
78393909
65747804
38674134
94820117
37549724
53543095
22892171
33550007
78393606
84769930
15840075
62710611
87867295
89382490
20292627
18808123
80413127
42566087
45534908
20104100
30035164
61211137
91718561
48988170
90779993
44397280
61146925
31681730
45990194
85649438
41797138
26468981
51982554
89387635
19496685
55807265
86013206
12612052
23300461
55261970
24106215
58114351
20117274
97605192
49316931
87607414
96223825
12818580
32936916
65029979
33873757
53957545
81491325
25711976
13226430
98439244
10798038
73629473
14580682
32318955
52442544
20694200
29650819
30857187
80581685
36658143
82507265
80667665
42092266
84810771
69743273
83291440
63915268
15713533
37864693
70295600
96609826
77924826
54251493
75506192
41119550
60441862
57868402
68656423
66673881
14824365
73544781
16738027
12966350
37838748
14596744
64873558
58689538
99422894
52626242
23382154
78357409
12548057
33546046
54539016
44053305
26719073
17227362
88294387
19748968
36187632
35514694
89128394
28790037
19509511
41750704
46144803
76079378
61942506
75174235
26709259
91442926
99006777
44704873
80950488
80399455
48213985
61629334
19802214
27794133
17005349
26488784
52409612
12802896
88913208
22417260
16323467
14992404
80253402
47208726
98155952
65627743
71920289
46919564
58746468
82160702
34777748
87736431
78545416
40455078
61905287
73408269
81952526
88939203
66218537
33437182
21973279
69095230
97185835
29502238
15512556
34704755
50441640
94882884
87130786
30751421
26365590
48162000
11870229
11567788
86097248
79313316
87550918
57000396
80058772
14872218
50636336
91071772
31628313
36728081
11708081
52558080
36621206
38888853
55545132
26109759
94025590
99543015
43744622
11248209
31299133
46676427
38511730
50975550
79095457
81700795
68378183
54373702
47965750
18338239
37531162
61648951
54111045
95117874
41755251
74803795
34341660
35241073
65398645
50217974
73715034
74491336
58773851
74314676
16212267
32480988
86117740
38373188
88159344
22702647
62345315
61437235
53526931
29361494
97921299
10696799
69319536
16424872
56331823
90340299
75376176
49740288
17417898
63816444
31054351
73359371
78130023
71512958
65987973
41346550
97851219
54832526
23957331
26026864
68358342
19136773
45254542
34936411
32544990
86510496
25920118
82086831
12615133
59154719
53032034
65404204
24253808
96819167
16372848
87735026
93284620
62500422
44466457
28295018
60141132
71905207
66581185
27175240
22873582
98077756
76350815
50652390
13003534
29930704
14681108
69900561
99874279
83970213
54469583
24242433
34636186
83398283
64178815
47746982
25918445
18854355
37415558
36177197
57123751
49171038
31520439
32013664
24466057
23155600
12745772
96072941
13403194
64005707
37824605
64107767
17405280
96028589
80541286
84260212
62656395
17555767
22514760
62143371
45282604
65748557
95407002
80833693
15889560
52435947
52643069
14196999
16526225
87338259
47389397
83582644
63497757
76004408
63597344
99971812
83458808
28643166
61699620
14449455
82692566
96284532
98732465
71626491
68103946
86518616
53288766
20624953
48665264
32755087
54365036
41083622
85839280
25807366
99353624
87888349
19634902
19253024
73842536
25079588
10344298
45644576
94117954
61868404
21377386
49744668
78975140
24602123
88524000
92551162
32171385
38838154
28135016
94750120
53525563
27557518
42597273
35415164
33621538
42078337
44197336
93540517
20237411
78287041
19642454
45264714
11621561
94499987
45172709
46159845
15276143
62719764
80854411
33166901
25481040
10537898
69038246
74832078
11406186
91922507
61479646
20301240
50359988
89873869
41248507
36984391
79354249
31224937
33151330
54483391
67358400
31076093
90904701
65936719
56632897
10670141
85856470
73349161
42193174
88303303
64886508
76546642
14815092
64215829
68602129
55650365
41587912
92148549
14945653
13592838
10322160
83521343
55624053
83224305
29530882
27980706
29698241
62747596
73130201
24980482
93768498
46079494
88041209
95671494
39602491
11564477
18304793
28147335
90455377
45622226
40503345
55201317
34016038
47985918
17616593
11339733
10372046
14552723
11346356
16609069
27251874
73242904
19579174
11304341
59280317
68590380
17808471
25647201
72864140
67084254
17992055
27529894
57240374
54608389
19930203
76536190
22244897
78050985
29152932
80492473
37418697
28819673
60407583
52007934
57522856
86704944
83267550
65250068
75293934
66892297
56297684
11405897
98744716
72680814
22912615
47913285
54624422
59942146
38677840
76318671
18457460
28588681
92453929
16904909
22941158
11394085
59261631
96421530
26510805
19173042
23358687
43669986
95156053
95925299
33827591
49360609
44551038
54941171
67018442
70086076
73187905
39323734
91461295
38338995
32955171
27075821
97231176
62873429
21946909
60989652
16781999
50620156
71008197
10181119
79037408
21915577
35058905
70973314
49406075
43661499
65318797
36658101
16643106
36325030
13004620
23000596
13033288
39556458
20062363
66634706
56348672
75222015
51267189
53544545
45516279
19430973
52032759
65300480
38287391
81265907
67651265
37837528
45699034
41286381
60929630
25127851
86227933
56145305
20149346
86296889
67476346
86795870
95338226
27285801
75312242
61702833
12685293
30325854
12203610
31305412
27731579
81241838
23685389
30263922
90706709
91966982
83432343
56916690
96404865
21844200
35682437
33416928
64467692
50899933
57920489
75310526
16143039
79280093
21919883
41017824
14251285
27157841
59152403
63514224
96590833
93237137
53304562
60087209
92061558
55533401
72791006
64057556
10194105
96885462
63721496
41265380
83930299
84779759
67347057
25625454
14366628
77873180
63200510
94405529
28629371
19384197
47600204
63419148
32787619
41920556
14251898
67938255
28414850
22665671
97964404
42672999
95330421
49960365
86738296
98365094
40665871
22102641
76134867
49710116
39810861
81790693
47291968
93755114
47790198
46459347
72874914
78360888
19023031
80149187
60077708
44282065
26216388
33905925
12193050
54905509
84525582
22711529
55473792
44063718
57511180
54312976
50059760
81291851
93090844
50498101
61226964
53417738
99063913
87314811
87392404
90806375
32859276
69912461
46610362
30953597
81261174
34377559
99284966
93399635
44737464
29744553
78360956
48360682
23667234
84511348
57699331
25366409
51768892
34630605
64435478
25796210
84556155
35713737
40077035
76105178
18351334
35333875
99748316
91629891
45076315
10929865
10053035
38221486
39973999
36596407
19368031
78707862
94152583
13541981
92678541
48897307
61066014
59692617
60065999
56108031
10456222
42607806
70265883
60440353
10479198
40169642
54472552
86696855
77507402
93016768
43183361
95137725
59933466
64694323
60043805
22833514
25051670
80950548
45291768
54797915
46756906
49063452
47014514
97558719
72051787
33252565
87367801
44114642
91647955
76754732
59488685
63131148
95416703
31031386
21397496
51733892
57104372
33356787
47809016
87667131
47590975
15599563
46558064
10780486
73756802
89972762
14618724
53904104
79826627
41371023
61183249
58917829
16614529
64371427
12949520
65119656
87315639
75116790
99476310
91559006
35701207
70217790
42719700
84603579
65226361
19916211
52316797
98182136
23901329
35997263
64775408
52112311
15038943
17150511
57274852
75216447
62069172
67827925
44093893
33459866
71668749
67823905
26243668
91078236
18349978
38373773
63383531
75582715
25449587
33998873
43880377
40723178
90733595
55904821
87116077
37327398
50692578
16073360
12940736
34482144
61483655
12065259
23213147
24850952
46431571
75615797
48312047
52867546
57188414
54458692
73930540
38587426
75654368
91862997
13492915
82421909
54438925
93957753
86622115
53045224
55740511
51216172
51448959
29303647
79592402
34978338
44655933
96313716
75663289
81927899
12046002
97619672
61014722
61470023
54410646
67790535
33010886
96501534
61248350
71151596
96044684
59415275
70547224
17670388
28255136
31008683
38791567
47307096
50551268
78079768
74366940
54025681
19927514
58996233
64254580
48410299
97216198
20286811
72076386
19648424
43056642
86817332
57199708
15177261
91355180
61258398
68991222
84912950
11837195
84779484
47949498
46735350
50855419
55994755
68984567
44883920
91244157
99631420
30086376
57881445
13209228
34551355
54914440
93327944
77653805
95690937
17701699
40732751
45848486
90512453
86809537
61734153
97757572
38823030
94743049
88067016
21938748
58737891
62231947
15085459
85880178
50511383
84812509
31022680
98126465
77913406
79730795
93207156
41030957
11445906
43073930
61242666
46792876
60456898
46938978
60408231
58417869
91143744
88748246
91442403
70039153
73408243
79758249
39925242
81569140
13665710
34624145
77279533
63327719
87471856
39312593
96408125
17412663
64774340
85241339
77496105
59215805
17697304
52827771
13261120
13598657
52529381
47755125
90366655
86914761
59235010
17680183
13098480
88339741
35796359
72575848
41633144
48685782
80797749
67593973
79217762
98748738
46098557
96086291
50766497
88192055
63998753
85154413
53025018
12741877
58712753
53097453
84151321
60017428
19132680
92675127
89654999
74333611
38131970
65132153
31285741
98997499
45687924
98478742
58431826
71043330
34808981
25503468
13990033
60995705
16700221
40178073
95231578
68273213
63718141
78474693
93870628
32711759
39062458
33957117
31884993
98256566
40418979
97383087
21489237
46665814
96423089
53358187
99790237
52603957
48396964
66427866
28648150
21417736
55677230
47318302
27762786
33176272
61269093
50192363
28509523
86147466
13029438
70012073
47081048
65457510
45912188
58626673
82712430
40536404
47068306
90066372
99693835
42484348
43795041
68590618
83495894
27716378
49155119
88338292
51631914
86935204
94346122
92858264
86795984
57100700
34282405
16893620
15113352
86635887
98990022
47162378
41158446
87598852
21439754
18235853
54702321
64919084
48200703
70051335
99165276
27018755
23276804
35128513
39800612
63104943
93554867
27949755
53497489
40132405
32446456
11843430
56535361
79318159
75040265
24198000
27274534
19603637
52029924
80504536
14481126
49397393
51178371
19047125
63781055
83206917
32578712
60024917
99041374
30222816
32268872
71205459
56821024
69318532
97057655
86428719
46885389
91838292
87112607
10562920
63206912
17065252
95944893
70846207
52151495
77283922
66436131
52303221
60766601
76031825
36555046
71138242
61352455
38783474
91508744
76516273
22262632
29606305
66853855
71589841
19966016
68906705
47269938
22496591
91352196
93092741
58114348
55743588
99378491
26174046
38539009
82523869
19762605
71908411
91206674
66253493
77718769
93863591
64278669
57476235
66554664
12847069
72928094
49099433
45074683
58441283
31290879
86834197
49504416
43778579
21349741
55437027
77429306
70596712
63950048
45857046
94389400
57785650
57189052
54880861
84733908
12676037
10146786
40172405
50925015
60081353
96785769
71734362
64230593
72005345
23195662
35664078
96873594
63635294
95693263
86199772
11536537
64978578
29749650
62195448
88412209
56830342
12097253
83084276
40627089
19839090
50146325
59246236
23616145
70863962
26409263
95309932
91752720
53365921
36325062
10824355
29123769
46482558
81249014
67656089
14179570
93655254
51549232
26114659
82714641
81906301
65576635
38469806
41283873
17486679
74109657
58753163
45394895
59011698
22176649
38677148
42106083
13861614
28961523
28520511
37150049
51017715
78344947
20660479
37212628
91724982
71173261
10677179
87023071
18601446
68603633
29977478
73066812
67104508
87206106
20946178
26436128
73776651
32239996
40875350
39335370
30445054
15763644
75445058
80922570
25964014
65157210
77189658
98194771
52877690
62562962
17106215
47997721
15365419
86392133
94673166
54840162
88023908
24786734
87228111
97124706
48935712
50881547
57831396
49020450
57512613
61571145
92831638
80715638
83054467
64539207
22644850
63927809
92064383
43256299
80549361
93274062
88331076
94536846
24339156
12160667
20901997
41140746
71771498
84339231
60245232
82961210
76844879
76824025
70105986
34471097
32882949
43559616
19101509
49597788
39902646
14388497
50479216
26676961
33702296
34099200
48542444
59728766
27835741
30823976
10939015
88090425
15678914
86058053
33105086
92745454
90566534
23344016
30106603
25141927
70014522
96901628
53221239
11193719
74275529
39553087
94992463
38224786
90098782
84006028
55736538
81122678
36258733
89211157
20311209
81395660
82682697
64252741
53252172
87169860
52847382
57118272
92816941
16575489
51240232
47644271
36246120
92131918
24236902
79057037
42559791
85613304
90721590
20946416
69448457
85522877
94889709
60431231
12145704
57684619
61295407
47155937
30967724
39221969
61844482
69812623
27862353
87017832
98812062
61213596
77290440
16815092
60742488
99545113
14754209
70548094
64364093
29312009
94825000
16396585
60021169
17702087
48015960
85473907
94316392
18762660
53592635
66755149
70570927
58365556
65891645
73110644
61941720
25745142
38416288
97418922
98261524
61886607
79211713
12155785
17354517
26460512
30466146
68744445
91306590
76325823
61468490
48822521
14255917
26957681
77909108
41930802
71566892
36692945
91353596
46301671
10097211
81569847
72085698
90794423
89886879
57063583
21691650
94349097
18426772
64153094
85792623
20230093
21306000
14920649
90935254
85954784
70361106
96517186
64567745
86514033
75202296
25539965
41845866
24520947
85409899
26041059
84859705
70377364
36374459
45136602
88128478
24270122
53908284
69222440
37765319
53465323
67512178
77756416
78988704
51469021
57041646
23512290
34250774
52967511
97452226
22637121
99470961
27893686
40461329
93122438
44821134
32799942
72232837
99442108
16256152
68141241
70770871
89434797
65825201
99972786
59606248
12179161
26716327
45000500
52752356
81458270
44048023
90187185
14564282
76818706
97227417
18603680
55162674
42120140
92571009
34215132
31565699
14390666
58290035
56963983
51016129
38532466
57576460
89546123
70915873
62766270
54358203
57762359
83820398
20165837
72626681
24468175
73350014
68519403
11606033
90211830
35444031
82104061
76314871
73193337
11771253
37882636
11714164
40762495
33994916
46206301
75622195
52530862
21147777
47553306
87799878
95169168
27673350
58500849
17079692
89701771
89268799
67888444
92979107
32917656
34338611
48177374
92137045
29531700
15547908
61624745
53868937
37238723
93953086
21462425
62129216
20963403
31396450
19595904
78225559
65874105
67152380
39996087
70540635
15088644
57657898
30189556
14270773
47359482
77527915
90890776
19914074
18417626
20487625
51372647
24480586
99974262
70410673
16048150
13999731
60720256
32616981
67250159
57153292
49550960
17936686
85012831
39973236
78821800
19052718
23420164
15027044
58759374
57143897
88440517
27056050
53334817
93873338
58382494
40528060
49724028
36444629
85772034
24857802
66569579
29873284
78393629
97298955
80025810
65664781
95512209
85445965
62099560
94275576
30255357
23372260
78551401
54878522
84420630
91631714
11426599
33154692
86870462
89405256
59109472
64032651
81900888
66683641
71098556
99621534
86377973
71324673
70929135
19476236
58995666
61965718
93487224
74050006
65666194
54861829
93026444
63788058
23181814
64910099
68938035
59540323
91997371
46417184
93726414
91784635
70859729
50616317
61508630
17048097
15418964
79263108
17215516
56067664
77115848
86130916
15976228
28559376
61778691
76334712
31461238
43518366
50801753
65713060
56531884
94117829
92513391
93637393
99398929
53807961
30949830
17315955
16521318
80367346
22479466
95204958
72954877
47313156
26914742
29977023
41868733
30003848
62181413
26617178
93680081
90279621
31261822
77205824
59491463
36287547
33766361
61327066
26299232
62515262
28187313
41434610
65900150
51536418
14553127
93289690
96047663
15258555
39918078
67746575
41137474
71974227
41079113
83568199
71839195
70432708
12571510
49705569
45529911
59379993
38812621
52895980
36313621
51138505
69160606
72870750
65392327
40003999
62095711
93617748
70763959
86656940
67351498
44800730
26319792
88014361
76672500
27434946
77677117
61002132
25561638
74252339
51021160
79116047
22636176
33681027
55314865
95405902
28494939
14840817
69380716
64775845
23103881
48098591
42674640
93712833
91109210
49312410
58455254
65472952
40051463
31447524
33403856
56935684
22688979
84348309
95758634
12903699
58066373
33587493
20157442
62691424
79381662
32188888
99394929
28456766
69749057
27724588
39528204
98433684
62802751
81091004
90782118
54075625
82328437
22755659
60316764
40910895
85990243
14171437
78673663
61237997
14798627
46732244
25799422
19278468
45759006
22897298
97557218
68793536
26638958
96904360
49054611
16956652
11738278
87407661
91373106
51137450
36299811
57503578
87489478
54507889
25204598
46582079
14015982
82602476
62867912
43838174
79540973
32624207
13219320
47556817
12273701
39455174
93190360
23831645
72852447
31878083
51580722
60440270
66937015
68902835
87114447
24380230
88555742
62636728
80800358
17366941
45890164
26333863
18597380
81600607
55508341
57215504
50536459
17168512
96974315
99639337
32492591
22049754
61387470
53166611
72311624
22686548
34401720
15039310
53110147
62554648
83057037
11192274
33642090
48242601
56791329
33951321
96617567
69573457
62323660
53690326
54200939
55337508
51695058
49392186
25397974
55110116
77636326
22884132
38894723
81687225
36249334
75616831
59943922
21356148
83284286
16974950
47399339
46760024
87828210
58666728
82810560
85279195
33570906
26503580
44749215
93539898
72820328
51972060
21076267
11545342
28331057
98174963
37073418
70607088
32820125
70494676
83948803
30969666
28871371
11907356
50237303
88787365
28110683
24375788
48280821
48898872
58518395
70663920
80768661
99665230
96327938
28514758
60385699
30837913
59173401
31912176
80971518
14703982
32017513
37016293
38333073
53126557
53330871
33001460
80439700
72706564
73773825
42319714
39145378
20120601
22110848
63984811
91464048
75718802
35139423
35136300
81247339
34930184
80437262
39757275
46198867
75569058
90486130
80612972
41330614
10419148
81538381
22822068
68461905
42621310
21121162
43906593
48706043
70873854
30564779
76106804
87407109
85172303
45291909
60445442
81615307
49988820
69515036
26043710
89782526
26978901
76555663
65062744
83615800
76816813
24717122
29201897
22837325
47946756
76970444
23599599
71196066
50921003
81575703
95931837
81585034
39209965
84827489
51532413
34055305
81394261
76139014
58730194
29238994
12237961
81861528
36939487
74371453
59726171
21684006
38709812
36781083
82910652
68819717
93848500
30562044
91417301
51377428
36511267
52174680
15345507
49449027
95182104
57834139
30337637
80150083
19886378
41082444
61398306
74729833
42187622
37786960
71955998
78972009
54871692
65586578
50755319
31146924
45264446
37702177
31519522
24657799
59534135
50963918
86654299
79617486
15231476
78366180
91759456
44532590
29905088
54101537
81837016
77441707
31486074
35659980
98227288
82363867
17591882
17546319
23656696
13707137
22453085
83330498
36939899
12529562
36957313
25250880
94617409
84339834
32778199
65999326
97435057
18933078
20590376
27040794
64593935
36770365
52622397
56392955
13132462
33882346
57456641
72216908
42293233
51240962
28665806
97191235
78892788
16828245
73592148
14723545
44680011
85284758
85497947
28928896
17616133
91993060
38458557
77114360
89819547
79245786
87883079
63920363
14790023
20881251
90951801
43679655
35374496
77379492
63267816
35958267
25639233
61509360
20510925
79509294
43549156
24060293
31736056
43347691
94055943
29156807
29661691
99017019
17376644
16116975
89241129
29261905
40685430
47169481
17695653
97629072
87812565
58156318
35061049
96423591
27003924
22946224
66492520
41138313
85995600
98264123
68740634
95146861
30144485
88774051
41291200
84013416
71214625
81527729
82344428
72118502
64264305
50891712
67273773
87269554
44312906
22082876
47048756
56092391
91626284
85818958
75132641
97838552
90486915
13362000
60110142
29616969
71598530
31507125
28237679
42394686
14150340
35777784
85842648
31475376
62814706
84782165
92222281
21200022
39359130
98261543
31769514
79686191
98571852
57681455
68757294
32386392
28105132
59394422
50584815
39203944
45526325
56972093
78233368
85883538
67573226
24348981
66945420
55121662
28490420
90576418
13524843
79004066
25602641
10398992
74609963
35814845
31495985
73460793
65004900
29018035
43228462
71899203
43775040
88192888
43959240
43343036
68440103
93675482
94564762
26830464
30180826
94995236
18414232
74501547
48965996
53285693
10737757
90726585
70040895
16556926
18034992
20458873
98335643
88551052
72770261
29303553
12477481
11668649
87674461
52378018
22765034
21921011
44846243
84981654
76666153
36556226
31162280
81047787
99538287
59793614
51247162
88075170
48216119
96170969
27320380
95193185
61046958
88271725
78478306
61867356
44723958
21180446
49676590
28274981
50150787
77706921
16612744
45973385
60385777
84765693
33884313
59621165
47982882
13256551
74489750
74607352
80296988
98972923
56055682
21994469
59100093
89520613
28899673
78698481
20875481
79392611
40523367
21184268
17781225
38405003
91741868
28144074
32807637
76982984
84039806
25199429
65297441
83074782
17556563
12509413
21556160
41251941
45134033
21803071
50897557
55660525
27089548
99401496
29154472
83646377
37328631
19205685
17943254
97363233
39144657
78177098
60068561
75046916
54619273
87096107
20417794
70042700
65454645
94350564
76489406
10856829
41189542
46264790
84189448
75149415
70555821
90607550
37008001
62239411
79429605
18217757
60949530
47933850
59314024
57909987
44353675
83251389
76839295
12326246
60250866
45523109
51542618
97203968
61383483
29113195
29464606
26790253
26599765
30856734
78104385
22232049
45246020
11503512
20216543
71939085
20516761
39659543
16487909
92174338
59428793
80977887
83500265
18978595
60623928
63835325
99215533
94447917
33844606
51103304
41526344
13862981
81174259
80646313
14226916
54799304
96361742
89750673
39269900
39147338
21442280
29137356
22654813
92051444
38595628
32323777
11326992
22507598
86688351
87466701
87143449
58415636
73296808
73193584
21794786
58670290
80358453
73281858
59577867
67410831
38494362
83281447
69636210
42128168
71361926
95571393
27164185
12649805
74143930
75298338
13062623
43967448
98787773
42223935
71748271
52957186
26488489
35341028
84469216
88056231
51865563
90884576
16701693
62628194
88865248
26409879
14601399
86853725
45163046
21584148
14682622
41669367
75303789
26115594
71765650
45193770
60037846
22519581
36096738
43577988
16071234
17578547
39553927
47657599
74020924
34954395
45999899
11954475
17426891
87053479
41556947
97974714
41403734
41334180
37338289
92349626
64833890
20641878
17938877
52235090
28287017
91852856
45078605
56020071
52772793
58861402
41785088
98057809
19969151
99129883
90868472
88189478
83338434
96717839
96441898
78557830
54030941
31037814
15141498
26249439
72126402
81583970
66557253
44370446
71476347
77510418
37898217
10608254
68924735
12302987
99812846
59921709
89190022
41960615
44555873
20391671
19019054
86950426
33238251
28384796
52330948
12752624
82189391
34455588
64575625
33497992
17467776
64422970
47745423
95202992
51040216
16842821
13138431
81352856
11752323
69200080
99290299
43642608
70261720
86183713
56622674
41642211
99159777
74384460
50177080
46652593
92761284
30180589
52452580
26148599
90320609
40009139
27201025
46782311
15407988
78518435
13088839
42507549
92745079
45105773
87977175
14125337
21433971
22031877
38716979
74366363
95444429
77353129
77871952
21280219
21249055
49000805
68801902
12336903
12598475
55945910
82240554
71616797
78690837
30433704
10435016
10636832
93054578
57488853
48439248
14982747
48733862
40350854
71977546
69890700
96214858
42292899
76480865
78667534
36184081
35745240
70916058
43634133
43174471
58342392
24696189
19928199
28078747
30681599
76697333
45024291
22290326
60626099
16864899
80337674
89208162
55911890
79826190
87862653
59900335
67706758
17867370
90160714
13377664
88148290
92751395
79958246
44673175
12723878
32225203
24897174
64402464
51948788
34106744
36824121
47871104
41721411
66656636
94657100
82103072
15822886
55089197
78529100
38922417
49887940
83173613
91153055
52695871
22408100
44376265
33131570
91524798
56319677
28334449
21662497
25240101
14192183
66903807
27217483
19011842
98775877
84620349
60305122
68119762
94471311
44256240
87714723
46242884
97137980
79484883
83507093
79553843
67593011
40153501
92742663
10109901
15321951
12642910
98306371
54659559
13196174
19871287
56082560
92362165
11117530
20832843
74175013
71119523
89310153
18249960
78739501
61974772
15917419
99231447
19845280
60049264
50482005
40648963
97558720
59262502
62111119
81155443
19154020
21976388
95620744
59892563
66388860
57819597
59243180
30485957
94710864
29608659
29715267
37338778
84303056
32513923
55844558
21297492
65211453
44044609
50898097
40993901
62719045
63411786
70807389
95624642
19333440
47024014
91436370
95802336
13230067
34013185
79443690
81934737
90492744
92417069
72736615
95713180
65400663
30425250
70884731
63520870
69376108
23317343
85753943
19175013
97204184
71434436
90117128
20636496
22217950
95880686
18364510
75815977
58578646
85877578
44754206
81536733
71470862
23642279
32053079
50621937
88420220
34689837
29105414
37086196
54213410
77784066
14945514
54803551
37714814
62734378
91598991
97050822
71375850
76576718
35484814
11346002
11921016
17038445
28358721
67240699
27635255
31217831
97818298
89608104
29983007
51898483
82437698
95417906
43532354
35366780
30509746
34880310
33748115
33357614
11957843
96614747
47167462
97058956
23145169
72228086
91166397
84657641
16935570
71928202
21156608
94965506
41913830
91582194
36151985
16231508
95122140
68322557
72800845
42967501
23545592
53881737
36928722
59952261
14995407
76666711
49807842
87352093
36169626
89792606
41715733
23721185
42817156
50109767
98864336
42267072
70785127
50172966
84412982
58083450
67662132
36192665
51262994
40187244
83323535
38767273
84267590
49209846
20326437
84216725
42474246
29923435
89552462
73679719
34201301
56255226
28334586
19644049
73495439
96395003
19925022
31703982
10678382
35017563
46586172
69477447
16933340
63825513
37305403
86110079
64976841
40146466
15175910
81741399
79240998
59124892
91777126
49959791
94993893
76774375
76878392
89575932
74102054
54862432
27953079
76531954
46067068
86379347
18733369
12647876
48639873
34589362
51949925
85173912
13968233
89810837
87152194
54411484
76469941
54892416
73143721
14003911
87112030
60381179
28571852
40938552
66049673
61526086
75767571
83451919
97323429
27737969
30973521
53304448
78070537
23513974
91142502
21120712
29191877
38307531
35534629
54295834
41196073
74540592
94458532
77838578
45987546
35706288
42797283
33590868
58492337
18947024
26224706
38662025
25331715
48018135
48671473
65677801
80582086
90968400
61681804
91832792
97865164
38255007
61037453
80428261
61306297
43917548
39633979
53457893
20107530
98559505
11815951
48668386
49755422
22846173
92395887
74294552
54035921
50599688
76390633
33680543
14209283
68355017
99934023
31738460
79076525
26947643
18364038
51114448
29351101
27956882
17751172
68480330
71147621
85655920
54481189
53334622
14886772
42051196
42658139
69402283
83507333
38919423
79668400
15266752
28244533
66786233
56114755
57399265
94945077
29950715
20625660
15338640
62068193
78369091
26979292
79541334
58332927
55608421
27589866
80671512
68369925
37032375
82165432
52858669
10857416
17544746
18282336
68283453
18761645
67363373
34610612
29418867
76521587
83636006
41319908
79518005
15811763
74241378
32417830
13239466
63467325
41555417
74896699
88802020
37223414
95069056
63488281
87620911
65712657
13670061
67535344
19088578
26688703
22669626
76293755
24328183
11882161
29150169
32464544
96362868
27927844
50616695
48470173
62115202
69802529
53505513
77210700
55168023
72369684
28917761
53132108
77947925
10123962
45574486
41261913
37858824
98892208
27327785
52640927
24505343
18143683
53202625
49667847
53156541
29422379
82009136
18057006
28973707
51661111
55045199
38001714
99535586
65399562
25916786
96913301
71153097
78321203
34806646
53090719
29075851
22379402
28122270
19658007
89369725
94652319
31689682
73179620
72701085
26391008
20139994
41496760
41655137
65196333
77207996
22644605
48372360
58938578
51471663
52570604
92177515
62604065
86337013
15903960
11337445
95939259
30039096
62645673
68018595
92096438
38224095
62975534
87912613
98798463
80220730
96996225
54338091
29097492
61830773
15637534
24102367
30537241
86839306
42473166
86698228
33070802
94791390
67702779
18611866
97897937
62411923
81814106
55738244
10082723
29433423
98403906
68373939
47839305
84618366
25355021
39200543
93441255
94559626
62429866
42757209
50465995
98761086
35058544
19219605
34295171
22744966
46298715
69058818
26350285
28735597
25712102
78345960
67634558
53028615
75589107
70342790
35709012
35445353
19812398
36070611
31428951
52143080
91292714
60959552
36550723
23504595
66138568
26396464
71780522
60802087
81175393
61053810
54759952
86276051
43919859
61945206
32676836
68497938
18530911
83236481
85752716
79649675
70033281
65982103
78939319
80216723
94557448
85426072
10967599
56676782
90638884
61846366
51373658
35940198
90355738
18677776
68774194
31834907
17818910
36230027
78628927
11032441
91986383
67476907
94438869
29822334
87384532
30738581
79429163
16110170
95761281
53506237
94810453
31886790
10693287
88304197
78991211
53532056
63473645
25198678
11580931
92349493
48239552
43851122
87389989
14091465
65575272
65198890
25236198
88744431
83685546
76345440
69309805
84557242
79362993
46673745
49853923
53343390
16244304
23592663
11940127
79463478
46431455
22055834
65029758
32231491
37557211
57975726
50370621
36197621
13947065
13349553
88073803
37687282
10571461
95844775
51819661
80888616
87715065
28091985
50694315
64948307
94920509
27518483
90993897
81412132
91779959
73237745
17455002
12273985
55244537
70585441
28503837
57656247
17222949
56670141
43549540
57106963
11740791
29642750
54904006
91529991
53023709
76683107
87282590
26476694
28133366
76068424
52416395
70229999
55149879
72332079
36410159
96523651
65871708
93503978
96682085
87538934
89230994
66698621
24345818
84280247
25309084
92447979
89184024
56147050
61723062
72924726
70236346
25039753
93876461
10784606
96290999
20368930
26441610
96323595
56434805
73874819
70991621
38378721
58421947
55844025
17675827
51722663
15933072
60705975
60533632
89282032
23376376
71356247
88034659
47695680
34093197
20173135
32175367
50292202
18889315
78049140
40029118
18700763
89056899
72784488
11795340
96480648
21715218
64006617
65108058
68156747
36358727
73026148
68473249
64936030
82298035
92012599
45090284
18782830
10861820
98156516
99101287
65729114
99709477
55085876
60176812
62616662
70244473
62755844
60263203
36526012
49135924
15862328
94005246
72705313
94123232
78762027
52293041
44855937
65148273
55583588
10874636
39527271
41520767
82577053
68635373
59811875
18103165
14875535
90215188
22285548
65415006
46261036
34914737
69134814
22890932
59797516
38558140
92410898
20437921
38780056
70310949
18200672
17499530
20459303
96782719
73181028
75290551
23999430
21335810
52536494
51770183
97366024
10129488
92103857
80920219
68289769
91729636
35223170
81110998
70183963
77372435
28116589
96173180
92180679
15321876
57459817
33477368
86762530
31131620
48321343
58250142
37471102
81300467
71252619
94185045
92865151
63360950
22609586
69406537
51401391
81043621
29883579
25930862
75115179
59580504
42648893
23879491
11046611
76484471
53717689
28767268
84475110
28584029
98272346
92366802
32086025
55987549
50883468
68202950
10931344
74133944
12523333
52035285
46455196
37919588
31155796
95238923
24223023
18935742
56516647
49856791
13025289
87649986
52234952
68326775
16192488
79953249
90711739
77846340
41905628
89418308
18875954
19864890
52247172
68234919
36203086
44442875
58674770
94103668
96704195
44430112
92250541
17274065
11980132
35701720
29997865
66407294
81319806
85314138
51235226
36363434
46899872
64375703
61866099
61374561
31895681
85954290
96351568
97022080
73493617
70976145
71125983
26650405
42643732
38844635
93583564
71543023
31710617
25794976
36386469
23789100
14784973
53192574
13580386
17510480
31296959
94666027
20093145
33477223
86061003
21106218
39999784
90439665
31551378
57560419
20235993
76024287
70316239
83299813
44501194
25363969
22943868
70923667
85756062
95363228
32664483
81947140
68521000
44510581
28066602
39911351
58387679
52166192
35541939
50958022
46957046
11212822
75320047
47961664
23323085
55941292
45851298
38209518
32469885
24514011
48993994
36035319
15340878
36360540
59504810
62562330
46301022
30907193
46428049
91965780
39030313
60399013
44394871
91780961
45351802
40372453
43983904
54970898
84173635
57646465
67339025
86252510
86234079
73703306
54650700
44062583
45706512
32530254
75914411
50087887
54567548
77306072
92814159
22259838
51989337
67863141
88659143
80491398
57337081
44603556
25298494
47160563
50097322
23696651
21188946
82102006
19318571
73288521
94180676
72646752
15140048
18522914
57177419
50181077
94410037
91059872
98348475
88602769
70259903
60034303
20178527
56093062
83412043
99657441
77276185
84829002
44418808
23193089
13319340
79852972
37873424
53259172
52249538
63117358
44205191
35397527
27228269
41291197
30200850
97700833
16161733
46222150
93589397
51528367
98067916
28039321
26613489
51411850
45523018
49380655
30357758
14543601
34304963
72358438
98609599
97440444
49999005
13567860
94447835
89213080
42195578
24569544
44459211
18630468
96667685
59801246
14773265
12949574
46729011
20857164
99231327
74343650
66524354
59077349
60207989
24313741
72212016
46172618
76599797
54005071
96146834
36421295
42412826
75323632
10813944
31833951
30980621
45114094
89604390
20625975
35491814
53802147
68202460
55702272
59412262
68062346
57108458
89093024
85549609
59120077
56678550
11235665
21756511
32459406
90520582
37302397
90102795
14094051
87179804
48201141
22134761
50660257
72228312
25679036
70985938
81358937
80576754
96450584
76364902
31355164
81438755
59012980
71902446
63089226
19101905
46044145
77989942
82107000
42257045
46276383
82382806
82673091
56564332
61810819
53852707
88670065
20336156
79990936
79604109
10988746
82079287
14712380
87169719
90618536
69255308
37826156
94257619
81033331
43601831
69610838
57486611
37167367
93776997
48021985
49794485
49304299
45375257
39116347
19902532
38014686
88544257
89240368
36514045
42818948
72539335
51290808
78669008
38014273
96841029
57152914
94737840
90829461
99183049
12772499
68291356
95091139
30393371
23071870
83997085
77510883
62406568
81479855
64031612
74477481
79258225
90349534
42784949
62338872
66710595
95678571
65480374
95678383
38277682
30371144
30831031
39365856
11389339
98385503
84775170
54442230
83474991
83624933
10616096
15924965
67714896
68803107
77825559
86104466
44195091
40638162
17148474
90058204
29609524
42713445
28374898
89703748
66876992
13638013
21102327
75384210
86186891
53052303
99460419
29125389
91188318
46683948
48838320
85089311
61908129
61243118
23728814
85077893
87634517
49827528
13665090
43115867
97305276
34170523
31900831
12291105
78479529
13090766
62532107
38111037
42595635
80285548
30314472
21713126
99203877
49147232
71917754
66549715
99070943
92328188
67807236
60388992
20057229
27912896
70994051
67546679
92327704
62315335
55687359
67949889
60077109
87713553
83069136
50807747
85348700
18121684
11352014
91125765
98260285
87347922
73837905
13969430
81626382
38459110
12236963
82004991
61880450
57629127
22519174
27402399
63089898
25119534
93426973
17910293
59370754
42258368
96194574
87640037
72284162
11864589
11788230
38075916
56989279
34332920
81831068
68664141
30002554
94302951
23710542
97300970
62394870
63789095
91318105
23948686
85831856
59539943
21750688
34099330
51114657
66838388
18495788
57319681
32916198
42892892
16097989
48638084
85957140
47350667
53730879
41505912
37083489
99544216
47849994
52172740
20146489
29172679
49064800
68893542
34804616
89361478
97376697
30643314
55258379
52259668
54856446
93680887
65890936
91248748
86526864
90736249
11169265
51086466
57878379
80413678
38344309
26958430
91999701
30707835
25691018
88255591
95121807
92418891
47258107
13501144
61713238
84989829
41355630
64572328
34351592
66672899
13853890
95429279
40086103
77435967
78979705
15983529
32971875
73937833
43757426
29651387
95799164
29154312
32075998
75149281
82832687
70489747
21869118
32606964
81933520
61333604
69120697
19671427
76396357
70677044
37961775
58718428
42026215
28902107
69313432
46196020
90760771
16426359
41584807
44052982
39853412
22660121
69417911
24488341
65924926
43973661
57901979
78935072
40437089
28896377
16743373
18789945
26315885
21417340
36558546
53297048
96964358
61529039
39317200
80365476
32130432
44285020
63807498
26912585
75779956
18767096
78825606
51657521
26773257
33373603
72941802
83186903
57233345
68882809
24087707
63271037
42798639
62457125
66939157
77732356
10000842
90685693
30741918
69444838
67210748
78174355
23336069
69168321
56682098
21465976
48801925
26814055
83411981
73525182
57724524
87936381
39536980
95064260
46185509
77369288
62432344
26661311
84097704
77020918
74582214
81327081
84311674
68532749
31214507
96216145
29585547
60935485
32738805
99131495
82988907
28223246
29268986
16676393
33503718
58611835
11411110
33329207
25586928
71206790
34873775
94539060
70506430
77650897
59893444
69904145
20654225
44046170
23879467
63591975
72395885
67086735
23388779
69967351
20967502
17667332
93154450
96299663
33472496
78214599
19928965
50694734
28633429
77964172
30930041
11326637
74822925
87479669
96691377
10314964
60257643
83150867
69803534
43620533
86223283
93918943
49063829
21220132
28568624
66147104
32101402
47326380
51928350
69143753
64318788
44132589
46608018
94330331
62316909
53951634
36962580
41723803
78281338
72524882
15129758
38916120
50572323
51019863
92097762
45182565
79725967
38576571
58014033
76562682
36181563
17860557
42933675
88326783
54688893
78291213
26181016
78093674
39082476
19801519
58046628
14685412
10269931
87912943
95498420
24797751
74329433
22657601
98692937
22889882
51819290
46851315
51924594
32533203
35389999
21459097
65871002
98892909
56602199
14157640
29864720
96477150
28997129
13805696
13609515
95555654
14118756
95892665
28465538
67829696
51661448
55471262
41840795
34981761
30271348
19626367
57269722
95215218
49063538
11730579
47480256
74308366
97380234
13787764
76475012
40349972
84225907
99437815
13786335
19991318
49476361
23517734
86844407
88395196
19941095
31883691
87359508
94977058
99243199
78693452
27480395
73387204
21629483
23601525
48390446
44216943
10696249
91091914
30691044
22085187
56704289
38680121
32003143
24132925
48493321
17604029
56210588
37785133
88543793
36930925
14641919
39913672
58120625
25843788
35347370
75428681
71747493
51010156
25929120
87220046
18924403
38638931
43778194
81021597
31550730
65163300
67603243
29334068
31725679
31314909
65377760
78980996
70881983
44213580
26899036
90662467
37978726
70942442
58297594
47783695
27449494
40634145
93624604
50221297
83066372
57457446
27752305
77668376
48346392
50418148
95053373
70606984
10428737
26894973
28988616
96973253
60519214
36557623
28271022
99431225
88947182
27118050
65285679
14296457
92261444
45755000
30316256
97316805
59472399
70965160
65448718
78661361
62777353
33583074
96316459
40522704
36798041
86701971
44363268
65886239
44319768
57310711
63230114
46453669
94543897
86794256
68688823
33883555
15417262
68329058
39375333
13446495
27375305
72351522
18594371
94701093
11363538
77432251
81792731
21204752
68684682
61329583
77207699
43195661
70560421
57841964
86185547
90885894
25624464
89025776
35215438
70754681
98045433
20273832
69765037
71267476
74811685
68571369
15387594
43991876
46704964
25498155
14940586
16291934
38497400
15237831
32440981
17789048
79651988
34887309
44601282
13775212
26886855
94146074
51820923
21950548
52950543
52983726
85365668
37783748
73581053
41011637
29444431
26958110
62007858
56729871
13922341
13743552
24934171
13661408
83414699
55342196
28336918
28833749
71659675
64815390
17140035
30945546
76607852
22805318
20319320
52796297
57538000
16651454
77570498
36575912
11442415
80495036
26954334
27077568
33888462
49326173
81072557
52419086
76030207
72954843
76147052
65160639
56081259
25283849
60966172
92579873
17119243
93605987
43602349
56829414
16739959
36466017
77741661
38199754
43887165
70423712
96492087
59708062
93574541
25842971
68708988
56709266
84023804
65617054
34864942
57441038
54628612
58994940
90937149
78793301
57648070
30415166
91740523
72904688
82273976
50497516
99788438
88973644
43534986
13534104
67794048
88538951
48058669
37222634
11841521
22451454
56925254
39471306
16875810
31242396
79362136
90862964
66454684
61726454
84240349
17944260
67572666
54509716
45294929
68154322
60276141
96123700
43244334
40162499
97499143
55120909
76500917
36618481
41675997
75177874
78768469
77691518
94224597
96003786
20236363
37060733
19365424
57022847
15741533
22950334
29256580
28333411
11350004
11237672
74163780
84454387
89954788
79547848
24940549
35233464
69830330
54445786
42310816
35421923
27019867
92279661
17573480
22670716
58942092
79596259
22095942
88460334
77690104
15439322
64564112
33292481
19581477
38444017
30455818
96622982
72188381
18757391
65885776
21334544
75395435
18075000
49572745
46714057
29865232
61313164
43858918
55026189
52006132
63304972
19388741
37992012
74134270
83527966
57022169
23653175
12121884
15638975
89119955
68798881
11045224
88561027
12288281
67913876
67073758
10469494
73288792
68713860
50946662
74079672
21134815
16990556
83778761
21534750
93246694
26480966
35273397
20303875
68698447
46681680
16016893
76545355
73949729
94947637
63456849
11365628
91310059
70208809
85617315
91497424
72248863
23595630
46185881
43506317
94907406
68048259
49531890
33894777
80143814
82982632
41926504
38729359
26196499
19374004
76565424
93064429
54297375
55057501
36055432
83995373
20708179
72435299
33845225
51684767
23980092
13584645
93814849
92917909
56302861
93993065
60209275
25357313
29741207
46114130
10904746
99790424
66316780
58590527
47660259
72050019
62278026
48301862
70782358
19092362
64353154
24490098
42742415
65441603
94985030
51973616
42001372
76456983
71942481
43878248
98879399
12828607
24904621
37644822
23287671
52862428
78318337
93229696
83224719
64234326
20114020
71282483
23959220
34287905
83902854
92713127
59320271
86063322
16786950
65350417
52485829
19601550
44134265
29454515
19419789
25484606
16773498
89635632
19416211
42962950
53473566
98302768
22590515
59944449
17224022
98474168
77435066
47236458
59826720
20219949
47069312
86065080
29777027
11559275
43549116
71583960
70784965
45076321
61525457
13275242
52493032
74718780
90485433
53213198
54014453
17395881
75221079
69545956
96751663
13424357
67123373
56804541
23067250
73916692
80897858
91532833
64348260
66686815
78058702
47246315
47118721
31319891
47166828
50148899
59486463
69523186
70998869
70202824
59106543
26809966
19696196
48311264
72455549
95855513
13800769
77853023
71466012
84617152
68232147
93179674
31754647
42813806
96573151
67261203
40160201
98638967
13886921
56395821
33421120
19648591
73744962
68379359
27858865
14650031
47388676
11780142
90055842
49932114
77998842
49250170
68119241
31713082
29924685
82375415
93658292
21674671
91450817
91828405
71269454
49824880
49842872
14876519
99928124
80417474
33731225
38710124
87153176
47340435
17001390
70989585
14050929
13274759
45198215
26432096
18035688
42602269
75722708
15532580
61043347
56638058
45518605
21579380
36786957
72737502
59810637
60581025
68703636
83258836
58407916
70299653
28569180
93934896
24461864
29116504
60903843
73893450
87966845
77863962
61817914
32949482
56326320
41415256
55502409
93235593
52620159
53384413
48754416
74825742
55321523
81547790
46240794
56186054
52166991
17315932
97863155
86361103
12226769
54454931
32844154
95669133
22344331
62260630
98893614
36166234
69430974
45068112
43136584
19212109
45798879
85442728
11160518
42541999
69284741
47225874
23183250
32805895
95434861
56655892
59276917
30499290
43426471
73522559
30274839
82383825
67855339
15655859
99384737
50648226
85257692
89655704
58872841
64561911
95705453
61143242
57637936
80739421
32803755
82530442
16034417
74258116
68535066
97923448
78840795
67246406
96270548
70988362
54060497
58474017
41039296
42849688
98120484
12648975
15776331
92874530
43316184
94284953
34906553
63184227
11550813
64207071
65055946
56686974
44979379
67912603
96524761
85130498
26968613
37501793
49173631
35684660
58823524
14425025
97488187
64781049
84235296
35809863
10172586
76909982
75397900
75711542
16449606
82766839
16735694
97216200
77443509
75885115
81334546
38868877
22864885
32284217
74096835
94018998
58096978
94232403
14309827
30031564
92774451
98950710
18490545
73955098
41188964
15664652
79669511
61003527
76690569
63871490
32366787
14669455
49640199
27915472
41163076
48113752
16244285
49855460
51467357
66201500
17191463
29659076
39404035
25917567
58540311
10006737
94061742
81545970
98933062
84033507
71495324
60251237
97356724
44958449
64081732
58232753
12052054
79888095
13112566
45061768
87608301
64484306
22604631
68574307
88388729
77517573
90358392
83175862
29588179
55365267
39417412
22701420
48771599
35865035
92015661
23511778
48578819
15587811
86897809
43694062
21793416
44509615
16105375
50819124
78612968
43848473
13715265
25837876
90142857
55939485
99106455
32690884
12741191
43586199
19581192
77418834
78960296
30720325
75967726
24498046
25633542
61450480
37158649
48327559
18932833
93024389
46916303
59660725
97691471
56651701
61942198
47557296
10416532
25698600
96699899
63840703
10782730
15544423
24188579
33981149
76868756
53914552
37002573
94999270
79998553
43023574
38770125
92790098
17312071
22067000
31097709
41165811
53207240
21805574
57222846
35658798
70254698
44485360
34915658
79403446
93813396
25096212
70575338
77751346
25032888
54757811
69764130
31074493
18273644
89321519
63809723
66905470
92778583
26856332
66419815
78008104
29277674
65537580
48677767
94433931
56094675
59835246
42159396
19377022
52993136
95771693
63663532
97666545
86556659
21205266
39356001
50581628
63950162
47773474
50839058
83859428
74039393
19037950
31853656
92542052
96153086
94630129
31401134
74908549
88512985
12777011
18036378
59559888
77192762
59819961
37033948
33610852
52753031
23732075
70683123
27506332
77449777
10469648
43137033
52329076
20014381
59861939
11551317
46935895
48086517
15619316
77036589
62532547
46979015
30751919
94854691
85121413
19568111
24011390
35386148
16524653
91460622
95534382
83669830
38960720
29847149
79973974
58338813
32234859
52094074
91238206
81576882
34094204
97358527
80770923
54810379
71173831
89079772
45185029
26387657
43203230
15523582
24195332
27355052
93910161
27838902
13900162
39629210
19403986
29280304
94261900
15911110
35483585
74916260
35501646
40033627
31840670
98376859
15216560
22453479
12544056
71417768
65774782
81592212
65681204
42099132
40079689
32745795
58341927
91762015
51105547
64499399
47347566
88420342
53049513
10604440
16923585
86979478
80992848
90111460
63249638
96286394
20989322
47613512
27650447
37254255
33259619
24965978
78238210
51881132
18387691
14497127
56357302
16966428
29780267
11557650
19461057
19390133
86641913
43951691
33998755
71710163
12223140
90807895
87529985
53183692
92918087
75635393
31272704
99327166
80749332
10659733
52094158
14512215
46405709
33520237
29520946
94091102
52822110
89278089
68516836
40072187
85463716
36771881
26910560
78246289
43868137
59226479
19112407
59560701
65192943
24341590
66326253
90578910
33267502
45555334
83406875
84710068
18545536
36631561
71452290
96768040
54524799
99612637
31062458
81645630
67981117
39516973
85638722
40283987
35939942
42662249
41502368
39834587
22079642
92232703
98036521
52545439
14279031
98694562
26131934
33551289
55367220
93888454
74245081
66686758
72910310
82238124
35261812
44538563
99249961
56546245
51678233
94659845
77470835
10078366
84442299
67191526
39740136
68005851
52670101
72381747
14907070
85826039
46584309
84751228
68585852
30439463
53503795
92779357
26047470
59356566
30883227
59860390
27424755
62001833
57380572
98158495
44317643
33597596
83085937
90313137
53546083
41661923
49513086
38324961
76243319
93572642
57869564
42363039
76121498
79203569
67127679
67055059
42766071
78733345
16864045
94276340
67317908
56002588
79124253
75394119
37902909
42615942
13989415
42962815
30589095
75713013
99319414
99633014
81369084
36849143
43005535
39697085
39192879
99658554
52040659
84686075
13703318
92313167
42877926
86072426
22696164
28036691
97944678
47552575
71240550
66560653
19069250
93378857
41680031
81590601
96450849
48918138
65594385
80001939
15936801
42800110
17370716
17849231
12711033
84040030
55608785
33901373
99016985
39398921
78350229
38164500
97349285
14245260
53145886
56083544
37110366
11331795
65468622
89718539
58377268
83958399
48986084
66433217
52165111
70888491
26785549
37746170
60414517
98895969
99280459
80156201
98294516
14797782
58952801
18332570
96892841
41533242
61916131
95265045
93412389
73872063
60749855
72727657
36548892
48707247
59322335
10693496
64094490
28092595
22106878
72657280
48709097
65712160
94229500
21802815
94025510
70003371
20312054
67299083
52882734
63971091
21520062
47919497
21001541
66146847
42161331
58004722
16031610
24239013
68582397
70521933
68381201
97727719
71726594
75632204
33181999
64936896
76996520
72243083
12091518
83159285
15968839
71147905
96275340
16019120
16486867
97736504
23154359
38097249
63301756
11616349
75606608
73772608
69766429
98960793
28884044
35182611
47021944
88737878
94240780
52452961
63477965
13220819
67190030
46397812
99746646
51542834
97620610
63572833
14518363
25734976
24201948
75877270
52870296
48878468
67415584
94596146
35117363
39342202
64204406
61077568
39643320
49931058
87914247
10117274
43592540
87371227
61988089
87498997
27088459
85578959
11692656
64828095
61095191
43208692
42539254
81657265
75353338
38439028
37498243
66440742
20576298
82281257
23859739
66599313
92855422
84938256
49029008
49400113
61497685
77401339
67085569
80118874
75937817
45574494
68514598
43371833
35765347
17904429
50470724
71964605
16505294
50148773
84425621
50494115
23805204
26216879
73800197
45988830
35401428
78384366
99366169
85617273
37891316
77774389
81035506
86174754
60989282
93338683
80407614
50229323
75416789
55050280
39655945
97378636
16657060
48654082
93139426
22054633
71442731
83565882
63619600
96405137
65307670
46042151
43573177
14631161
76865769
19287422
27520612
52456442
90084912
33274517
94390738
63292135
20498139
97363298
58761978
32502554
23232610
48835538
23201669
62639206
93859162
11955614
52759560
59595144
34372013
18325564
49534763
28545624
98810396
44386543
87038713
17714975
29952459
25059561
64721785
14518737
76852839
71751660
75559279
36059758
31654577
93449774
17495271
36631962
75385957
54263375
54513424
27659009
49320130
69754891
66577862
88577135
66183433
76047468
84563824
95482461
98434898
94659675
94201922
78382095
47495616
27853782
98086258
83696823
58868338
61918403
36832857
96005546
11788493
44501781
19150543
47913469
69950447
81887271
81939239
73999947
86355095
51202260
88703986
28474906
11508494
35581825
34179480
97749905
80569631
26719569
42691018
53692014
93895625
82682189
73721521
81192313
18848771
85489104
15561377
84247664
57635450
34935363
20017982
15747732
70730088
43429294
16812283
34638223
25103033
62339310
95208857
63546272
67192297
59072989
92039199
76518830
27775029
67486661
79379872
71173271
37380205
15700882
47390073
22078579
90108561
84492649
87338484
68935126
91087864
14688958
16316961
52434431
13673290
87983103
21698392
78998419
46650009
51476994
10437187
68974486
13121579
96053690
21829588
62180909
18496820
38510011
39994371
34735053
70500131
23547695
42312770
35869045
32470535
24871751
26921058
90784715
75023798
32798660
29835273
53431258
20809185
40490185
55379870
60911149
56373040
